Edge	10	35	23	0	0	1	184	-1
	Sequence	+edge_6_0_+disjointig_2_44190_47287 3097 2 3332785 44190 47287
	Sequence	+edge_6_1_+disjointig_2_140192_143372 3180 2 3332785 140192 143372
	Sequence	+edge_6_2_+disjointig_2_2286721_2290000 3279 2 3332785 2286721 2290000
	Sequence	+edge_6_3_+disjointig_2_3160231_3163414 3183 2 3332785 3160231 3163414
	Sequence	+edge_6_4_+disjointig_2_3203653_3206831 3178 2 3332785 3203653 3206831
	Sequence	+edge_6_5_+disjointig_3_1230245_1233425 3180 3 1682217 1230245 1233425
Edge	11	29	38	0	0	1	184	-1
	Sequence	-edge_6_0_+disjointig_2_44190_47287 3097 -2 3332785 3285497 3288594
	Sequence	-edge_6_1_+disjointig_2_140192_143372 3180 -2 3332785 3189412 3192592
	Sequence	-edge_6_2_+disjointig_2_2286721_2290000 3279 -2 3332785 1042784 1046063
	Sequence	-edge_6_3_+disjointig_2_3160231_3163414 3183 -2 3332785 169370 172553
	Sequence	-edge_6_4_+disjointig_2_3203653_3206831 3178 -2 3332785 125953 129131
	Sequence	-edge_6_5_+disjointig_3_1230245_1233425 3180 -3 1682217 448791 451971
Edge	12	47	3	0	0	0	156	-1
	Sequence	+edge_7_0_-disjointig_2_3192592_3283240 90648 -2 3332785 3192592 3283240
Edge	13	0	42	0	0	0	156	-1
	Sequence	-edge_7_0_-disjointig_2_3192592_3283240 90648 2 3332785 49544 140192
Edge	14	43	6	0	0	0	151	-1
	Sequence	+edge_8_0_-disjointig_2_129131_167273 38142 -2 3332785 129131 167273
Edge	15	50	40	0	0	0	151	-1
	Sequence	-edge_8_0_-disjointig_2_129131_167273 38142 2 3332785 3165511 3203653
Edge	16	5	32	0	0	0	147	-1
	Sequence	+edge_9_0_-disjointig_2_172553_249340 76787 -2 3332785 172553 249340
Edge	17	52	4	0	0	0	147	-1
	Sequence	-edge_9_0_-disjointig_2_172553_249340 76787 2 3332785 3083444 3160231
Edge	18	38	12	0	0	0	111	-1
	Sequence	+edge_10_0_-disjointig_2_1046063_1828312 782249 -2 3332785 1046063 1828312
Edge	19	15	35	0	0	0	111	-1
	Sequence	-edge_10_0_-disjointig_2_1046063_1828312 782249 2 3332785 1504472 2286721
Edge	20	20	33	0	0	0	136	-1
	Sequence	+edge_11_0_-disjointig_3_451971_497093 45122 -3 1682217 451971 497093
Edge	21	53	27	0	0	0	136	-1
	Sequence	-edge_11_0_-disjointig_3_451971_497093 45122 3 1682217 1185123 1230245
Edge	22	23	13	0	0	1	136	-1
	Sequence	+edge_12_0_+disjointig_2_47287_49544 2257 2 3332785 47287 49544
	Sequence	+edge_12_1_+disjointig_2_2290000_2292053 2053 2 3332785 2290000 2292053
	Sequence	+edge_12_2_+disjointig_2_3206831_3209088 2257 2 3332785 3206831 3209088
Edge	23	46	29	0	0	1	136	-1
	Sequence	-edge_12_0_+disjointig_2_47287_49544 2257 -2 3332785 3283240 3285497
	Sequence	-edge_12_1_+disjointig_2_2290000_2292053 2053 -2 3332785 1040731 1042784
	Sequence	-edge_12_2_+disjointig_2_3206831_3209088 2257 -2 3332785 123696 125953
Edge	26	13	19	0	0	0	130	-1
	Sequence	+edge_14_0_+disjointig_2_2292053_2514363 222310 2 3332785 2292053 2514363
Edge	27	31	46	0	0	0	130	-1
	Sequence	-edge_14_0_+disjointig_2_2292053_2514363 222310 -2 3332785 818421 1040731
Edge	28	16	24	0	0	0	167	-1
	Sequence	+edge_15_0_+disjointig_2_145442_226415 80973 2 3332785 145442 226415
Edge	29	30	44	0	0	0	167	-1
	Sequence	-edge_15_0_+disjointig_2_145442_226415 80973 -2 3332785 3106369 3187342
Edge	30	48	36	0	0	0	151	-1
	Sequence	+edge_16_0_+disjointig_3_1235482_1675875 440393 3 1682217 1235482 1675875
Edge	31	34	17	0	0	0	151	-1
	Sequence	-edge_16_0_+disjointig_3_1235482_1675875 440393 -3 1682217 6341 446734
Edge	32	24	34	1	0	0	69	-1
	Sequence	+edge_17_0_+disjointig_2_226415_232684 6269 2 3332785 226415 232684
	Sequence	+edge_17_1_-disjointig_3_1675849_1682175 6326 -3 1682217 1675849 1682175
	Sequence	+edge_17_2_-disjointig_3_5_6341 6336 -3 1682217 5 6341
Edge	33	36	30	1	0	0	69	-1
	Sequence	-edge_17_0_+disjointig_2_226415_232684 6269 -2 3332785 3100100 3106369
	Sequence	-edge_17_1_-disjointig_3_1675849_1682175 6326 3 1682217 41 6367
	Sequence	-edge_17_2_-disjointig_3_5_6341 6336 3 1682217 1675875 1682211
Edge	34	30	11	0	0	0	112	-1
	Sequence	+edge_18_0_+disjointig_3_6367_426108 419741 3 1682217 6367 426108
Edge	35	57	24	0	0	0	112	-1
	Sequence	-edge_18_0_+disjointig_3_6367_426108 419741 -3 1682217 1256108 1675849
Edge	36	34	22	0	0	0	109	-1
	Sequence	+edge_19_0_+disjointig_2_232684_503498 270814 2 3332785 232684 503498
Edge	37	9	36	0	0	0	109	-1
	Sequence	-edge_19_0_+disjointig_2_232684_503498 270814 -2 3332785 2829286 3100100
Edge	40	37	10	0	0	0	103	-1
	Sequence	+edge_21_0_+disjointig_2_508450_1501303 992853 2 3332785 508450 1501303
Edge	41	45	51	0	0	0	103	-1
	Sequence	-edge_21_0_+disjointig_2_508450_1501303 992853 -2 3332785 1831481 2824334
Edge	42	54	2	0	0	0	147	-1
	Sequence	+edge_22_0_-disjointig_2_254288_815285 560997 -2 3332785 254288 815285
Edge	43	26	28	0	0	0	147	-1
	Sequence	-edge_22_0_-disjointig_2_254288_815285 560997 2 3332785 2517499 3078496
Edge	46	21	41	0	0	0	135	-1
	Sequence	+edge_24_0_+disjointig_3_429255_1181985 752730 3 1682217 429255 1181985
Edge	47	55	56	0	0	0	135	-1
	Sequence	-edge_24_0_+disjointig_3_429255_1181985 752730 -3 1682217 500231 1252961
Edge	50	7	7	0	0	0	188	-1
	Sequence	+edge_26_0_+disjointig_1_16430_125487 109057 1 125492 16430 125487
Edge	51	8	8	0	0	0	188	-1
	Sequence	-edge_26_0_+disjointig_1_16430_125487 109057 -1 125492 4 109061
Edge	52	14	18	0	0	0	150	-1
	Sequence	+edge_27_0_+disjointig_2_3209088_3332783 123695 2 3332785 3209088 3332783
Edge	53	25	39	0	0	0	150	-1
	Sequence	-edge_27_0_+disjointig_2_3209088_3332783 123695 -2 3332785 1 123696
Edge	54	18	1	0	0	0	155	-1
	Sequence	+edge_28_0_+disjointig_2_18357_44190 25833 2 3332785 18357 44190
Edge	55	49	25	0	0	0	155	-1
	Sequence	-edge_28_0_+disjointig_2_18357_44190 25833 -2 3332785 3288594 3314427
Edge	56	42	16	0	0	0	161	-1
	Sequence	+edge_29_0_-SRR32410565.164137_1881_7122 5241 * 0 0 0
Edge	57	44	47	0	0	0	161	-1
	Sequence	-edge_29_0_-SRR32410565.164137_1881_7122 5241 * 0 0 0
Edge	58	17	20	0	0	0	143	-1
	Sequence	+edge_30_0_-SRR32410565.81100_810_6044 5234 * 0 0 0
Edge	59	27	48	0	0	0	143	-1
	Sequence	-edge_30_0_-SRR32410565.81100_810_6044 5234 * 0 0 0
Edge	60	40	14	0	0	0	150	-1
	Sequence	+edge_31_0_+SRR32410565.139820_972_6410 5438 * 0 0 0
Edge	61	39	43	0	0	0	150	-1
	Sequence	-edge_31_0_+SRR32410565.139820_972_6410 5438 * 0 0 0
Edge	62	22	37	0	0	0	106	-1
	Sequence	+edge_32_0_+SRR32410565.44114_655_5608 4953 * 0 0 0
Edge	63	51	9	0	0	0	106	-1
	Sequence	-edge_32_0_+SRR32410565.44114_655_5608 4953 * 0 0 0
Edge	64	28	52	0	0	0	147	-1
	Sequence	+edge_33_0_+SRR32410565.20265_1176_6126 4950 * 0 0 0
Edge	65	32	54	0	0	0	147	-1
	Sequence	-edge_33_0_+SRR32410565.20265_1176_6126 4950 * 0 0 0
Edge	66	41	53	0	0	0	135	-1
	Sequence	+edge_34_0_-SRR32410565.115285_1406_4542 3136 * 0 0 0
Edge	67	33	55	0	0	0	135	-1
	Sequence	-edge_34_0_-SRR32410565.115285_1406_4542 3136 * 0 0 0
Edge	68	56	57	0	0	0	123	-1
	Sequence	+edge_35_0_+SRR32410565.172638_1494_4640 3146 * 0 0 0
Edge	69	11	21	0	0	0	123	-1
	Sequence	-edge_35_0_+SRR32410565.172638_1494_4640 3146 * 0 0 0
Edge	70	6	5	0	0	0	149	-1
	Sequence	+edge_36_0_+SRR32410565.12321_1341_6617 5276 * 0 0 0
Edge	71	4	50	0	0	0	149	-1
	Sequence	-edge_36_0_+SRR32410565.12321_1341_6617 5276 * 0 0 0
Edge	72	2	31	0	0	0	138	-1
	Sequence	+edge_37_0_+SRR32410565.116919_2147_5283 3136 * 0 0 0
Edge	73	19	26	0	0	0	138	-1
	Sequence	-edge_37_0_+SRR32410565.116919_2147_5283 3136 * 0 0 0
Edge	74	3	49	0	0	0	155	-1
	Sequence	+edge_38_0_+SRR32410565.111392_1682_7030 5348 * 0 0 0
Edge	75	1	0	0	0	0	155	-1
	Sequence	-edge_38_0_+SRR32410565.111392_1682_7030 5348 * 0 0 0
Edge	76	10	15	0	0	0	107	-1
	Sequence	+edge_39_0_-SRR32410565.40118_646_3813 3167 * 0 0 0
Edge	77	12	45	0	0	0	107	-1
	Sequence	-edge_39_0_-SRR32410565.40118_646_3813 3167 * 0 0 0
