NC_003197.2	0	1000	158
NC_003197.2	1000	368000	0
NC_003197.2	368000	369000	17
NC_003197.2	369000	515000	0
NC_003197.2	515000	516000	88
NC_003197.2	516000	874000	0
NC_003197.2	874000	875000	9
NC_003197.2	875000	1005000	0
NC_003197.2	1005000	1006000	29
NC_003197.2	1006000	1103000	0
NC_003197.2	1103000	1104000	12
NC_003197.2	1104000	1105000	11
NC_003197.2	1105000	1106000	23
NC_003197.2	1106000	1112000	0
NC_003197.2	1112000	1113000	26
NC_003197.2	1113000	1128000	0
NC_003197.2	1128000	1129000	101
NC_003197.2	1129000	1130000	41
NC_003197.2	1130000	2082000	0
NC_003197.2	2082000	2083000	32
NC_003197.2	2083000	2336000	0
NC_003197.2	2336000	2337000	5
NC_003197.2	2337000	2339000	0
NC_003197.2	2339000	2340000	21
NC_003197.2	2340000	2344000	0
NC_003197.2	2344000	2345000	16
NC_003197.2	2345000	2351000	0
NC_003197.2	2351000	2352000	14
NC_003197.2	2352000	2488000	0
NC_003197.2	2488000	2489000	9
NC_003197.2	2489000	2557000	0
NC_003197.2	2557000	2558000	6
NC_003197.2	2558000	2579000	0
NC_003197.2	2579000	2580000	13
NC_003197.2	2580000	2581000	23
NC_003197.2	2581000	2763000	0
NC_003197.2	2763000	2764000	28
NC_003197.2	2764000	2765000	0
NC_003197.2	2765000	2766000	11
NC_003197.2	2766000	2767000	17
NC_003197.2	2767000	2770000	0
NC_003197.2	2770000	2771000	23
NC_003197.2	2771000	2853000	0
NC_003197.2	2853000	2854000	33
NC_003197.2	2854000	2878000	0
NC_003197.2	2878000	2879000	3
NC_003197.2	2879000	2916000	0
NC_003197.2	2916000	2917000	36
NC_003197.2	2917000	2918000	36
NC_003197.2	2918000	3101000	0
NC_003197.2	3101000	3102000	10
NC_003197.2	3102000	3194000	0
NC_003197.2	3194000	3195000	12
NC_003197.2	3195000	3196000	17
NC_003197.2	3196000	3379000	0
NC_003197.2	3379000	3380000	216
NC_003197.2	3380000	4013000	0
NC_003197.2	4013000	4014000	4
NC_003197.2	4014000	4033000	0
NC_003197.2	4033000	4034000	130
NC_003197.2	4034000	4035000	9
NC_003197.2	4035000	4464000	0
NC_003197.2	4464000	4465000	11
NC_003197.2	4465000	4560000	0
NC_003197.2	4560000	4561000	1
NC_003197.2	4561000	4566000	0
NC_003197.2	4566000	4567000	15
NC_003197.2	4567000	4638000	0
NC_003197.2	4638000	4639000	12
NC_003197.2	4639000	4640000	21
NC_003197.2	4640000	4952000	0
