Edge	8	8	25	0	0	0	112	-1
	Sequence	+edge_5_0_-disjointig_2_1256108_1675849 419741 -2 1679235 1256108 1675849
Edge	9	37	38	0	0	0	112	-1
	Sequence	-edge_5_0_-disjointig_2_1256108_1675849 419741 2 1679235 3385 423126
Edge	10	51	47	0	0	0	111	-1
	Sequence	+edge_6_0_+disjointig_1_757953_1540202 782249 1 3042316 757953 1540202
Edge	11	27	34	0	0	0	111	-1
	Sequence	-edge_6_0_+disjointig_1_757953_1540202 782249 -1 3042316 1502113 2284362
Edge	12	41	17	0	0	0	135	-1
	Sequence	+edge_7_0_+disjointig_2_426273_1179003 752730 2 1679235 426273 1179003
Edge	13	21	9	0	0	0	135	-1
	Sequence	-edge_7_0_+disjointig_2_426273_1179003 752730 -2 1679235 500231 1252961
Edge	14	47	23	0	0	1	182	-1
	Sequence	+edge_8_0_+disjointig_1_1540202_1543481 3279 1 3042316 1540202 1543481
	Sequence	+edge_8_1_+disjointig_1_2413712_2416892 3180 1 3042316 2413712 2416892
	Sequence	+edge_8_2_+disjointig_2_1227263_1230443 3180 2 1679235 1227263 1230443
	Sequence	+edge_8_3_-disjointig_3_296020_299204 3184 -3 302406 296020 299204
	Sequence	+edge_8_4_-disjointig_3_200018_203115 3097 -3 302406 200018 203115
	Sequence	+edge_8_5_-disjointig_3_45055_48233 3178 -3 302406 45055 48233
	Sequence	+edge_8_6_-disjointig_3_1632_4816 3184 -3 302406 1632 4816
Edge	15	31	27	0	0	1	182	-1
	Sequence	-edge_8_0_+disjointig_1_1540202_1543481 3279 -1 3042316 1498834 1502113
	Sequence	-edge_8_1_+disjointig_1_2413712_2416892 3180 -1 3042316 625423 628603
	Sequence	-edge_8_2_+disjointig_2_1227263_1230443 3180 -2 1679235 448791 451971
	Sequence	-edge_8_3_-disjointig_3_296020_299204 3184 3 302406 3201 6385
	Sequence	-edge_8_4_-disjointig_3_200018_203115 3097 3 302406 99290 102387
	Sequence	-edge_8_5_-disjointig_3_45055_48233 3178 3 302406 254172 257350
	Sequence	-edge_8_6_-disjointig_3_1632_4816 3184 3 302406 297589 300773
Edge	16	52	3	0	0	0	156	-1
	Sequence	+edge_9_0_+disjointig_3_6385_97033 90648 3 302406 6385 97033
Edge	17	0	44	0	0	0	156	-1
	Sequence	-edge_9_0_+disjointig_3_6385_97033 90648 -3 302406 205372 296020
Edge	18	2	22	0	0	0	151	-1
	Sequence	+edge_10_0_+disjointig_3_102387_252117 149730 3 302406 102387 252117
Edge	19	35	1	0	0	0	151	-1
	Sequence	-edge_10_0_+disjointig_3_102387_252117 149730 -3 302406 50288 200018
Edge	20	16	39	0	0	0	136	-1
	Sequence	+edge_11_0_-disjointig_2_451971_497093 45122 -2 1679235 451971 497093
Edge	21	10	33	0	0	0	136	-1
	Sequence	-edge_11_0_-disjointig_2_451971_497093 45122 2 1679235 1182141 1227263
Edge	24	49	12	0	0	0	151	-1
	Sequence	+edge_13_0_+disjointig_3_257350_295493 38143 3 302406 257350 295493
Edge	25	5	26	0	0	0	151	-1
	Sequence	-edge_13_0_+disjointig_3_257350_295493 38143 -3 302406 6912 45055
Edge	26	23	19	0	0	1	138	-1
	Sequence	+edge_14_0_+disjointig_1_1543481_1545534 2053 1 3042316 1543481 1545534
	Sequence	+edge_14_1_-disjointig_3_203115_205372 2257 -3 302406 203115 205372
	Sequence	+edge_14_2_-disjointig_3_48233_50288 2055 -3 302406 48233 50288
Edge	27	13	31	0	0	1	138	-1
	Sequence	-edge_14_0_+disjointig_1_1543481_1545534 2053 -1 3042316 1496781 1498834
	Sequence	-edge_14_1_-disjointig_3_203115_205372 2257 3 302406 97033 99290
	Sequence	-edge_14_2_-disjointig_3_48233_50288 2055 3 302406 252117 254172
Edge	30	19	15	0	0	0	130	-1
	Sequence	+edge_16_0_+disjointig_1_1545534_1767844 222310 1 3042316 1545534 1767844
Edge	31	43	13	0	0	0	130	-1
	Sequence	-edge_16_0_+disjointig_1_1545534_1767844 222310 -1 3042316 1274471 1496781
Edge	34	4	56	0	0	0	147	-1
	Sequence	+edge_18_0_+disjointig_1_1770980_2331977 560997 1 3042316 1770980 2331977
Edge	35	24	32	0	0	0	147	-1
	Sequence	-edge_18_0_+disjointig_1_1770980_2331977 560997 -1 3042316 710338 1271335
Edge	40	55	14	0	0	0	109	-1
	Sequence	+edge_21_0_-disjointig_1_265297_536111 270814 -1 3042316 265297 536111
Edge	41	20	53	0	0	0	109	-1
	Sequence	-edge_21_0_-disjointig_1_265297_536111 270814 1 3042316 2506204 2777018
Edge	44	28	14	0	0	0	151	-1
	Sequence	+edge_23_0_+disjointig_2_1232340_1672524 440184 2 1679235 1232340 1672524
Edge	45	20	11	0	0	0	151	-1
	Sequence	-edge_23_0_+disjointig_2_1232340_1672524 440184 -2 1679235 6710 446894
Edge	56	40	36	0	0	0	106	-1
	Sequence	+edge_29_0_+disjointig_1_2781970_3042314 260344 1 3042316 2781970 3042314
Edge	57	30	54	0	0	0	106	-1
	Sequence	-edge_29_0_+disjointig_1_2781970_3042314 260344 -1 3042316 1 260345
Edge	58	36	48	0	0	0	102	-1
	Sequence	+edge_30_0_+disjointig_1_22297_754784 732487 1 3042316 22297 754784
Edge	59	18	30	0	0	0	102	-1
	Sequence	-edge_30_0_+disjointig_1_22297_754784 732487 -1 3042316 2287531 3020018
Edge	60	7	29	0	0	0	147	-1
	Sequence	+edge_31_0_-disjointig_1_628603_705390 76787 -1 3042316 628603 705390
Edge	61	57	6	0	0	0	147	-1
	Sequence	-edge_31_0_-disjointig_1_628603_705390 76787 1 3042316 2336925 2413712
Edge	62	46	25	0	0	0	167	-1
	Sequence	+edge_32_0_+disjointig_1_2418962_2499935 80973 1 3042316 2418962 2499935
Edge	63	37	50	0	0	0	167	-1
	Sequence	-edge_32_0_+disjointig_1_2418962_2499935 80973 -1 3042316 542380 623353
Edge	64	25	20	1	0	0	73	-1
	Sequence	+edge_33_0_+disjointig_1_2499935_2506204 6269 1 3042316 2499935 2506204
	Sequence	+edge_33_1_-disjointig_2_5_6710 6705 -2 1679235 5 6710
Edge	65	14	37	1	0	0	73	-1
	Sequence	-edge_33_0_+disjointig_1_2499935_2506204 6269 -1 3042316 536111 542380
	Sequence	-edge_33_1_-disjointig_2_5_6710 6705 2 1679235 1672524 1679229
Edge	66	42	42	0	0	0	187	-1
	Sequence	+edge_34_0_+disjointig_4_19950_129005 109055 4 129008 19950 129005
Edge	67	45	45	0	0	0	187	-1
	Sequence	-edge_34_0_+disjointig_4_19950_129005 109055 -4 129008 2 109057
Edge	68	44	46	0	0	0	161	-1
	Sequence	+edge_35_0_-SRR32410565.164137_1881_7122 5241 * 0 0 0
Edge	69	50	52	0	0	0	161	-1
	Sequence	-edge_35_0_-SRR32410565.164137_1881_7122 5241 * 0 0 0
Edge	70	33	28	0	0	0	143	-1
	Sequence	+edge_36_0_-SRR32410565.86056_1450_6524 5074 * 0 0 0
Edge	71	11	16	0	0	0	143	-1
	Sequence	-edge_36_0_-SRR32410565.86056_1450_6524 5074 * 0 0 0
Edge	72	22	49	0	0	0	151	-1
	Sequence	+edge_37_0_+SRR32410565.52740_3165_8394 5229 * 0 0 0
Edge	73	26	35	0	0	0	151	-1
	Sequence	-edge_37_0_+SRR32410565.52740_3165_8394 5229 * 0 0 0
Edge	74	53	40	0	0	0	107	-1
	Sequence	+edge_38_0_+SRR32410565.44114_656_5608 4952 * 0 0 0
Edge	75	54	55	0	0	0	107	-1
	Sequence	-edge_38_0_+SRR32410565.44114_656_5608 4952 * 0 0 0
Edge	76	56	57	0	0	0	147	-1
	Sequence	+edge_39_0_+SRR32410565.20265_1175_6126 4951 * 0 0 0
Edge	77	29	24	0	0	0	147	-1
	Sequence	-edge_39_0_+SRR32410565.20265_1175_6126 4951 * 0 0 0
Edge	78	17	10	0	0	0	135	-1
	Sequence	+edge_40_0_-SRR32410565.115285_1406_4542 3136 * 0 0 0
Edge	79	39	21	0	0	0	135	-1
	Sequence	-edge_40_0_-SRR32410565.115285_1406_4542 3136 * 0 0 0
Edge	80	9	8	0	0	0	123	-1
	Sequence	+edge_41_0_+SRR32410565.20051_3200_6344 3144 * 0 0 0
Edge	81	38	41	0	0	0	123	-1
	Sequence	-edge_41_0_+SRR32410565.20051_3200_6344 3144 * 0 0 0
Edge	82	12	7	0	0	0	149	-1
	Sequence	+edge_42_0_+SRR32410565.12321_1341_6617 5276 * 0 0 0
Edge	83	6	5	0	0	0	149	-1
	Sequence	-edge_42_0_+SRR32410565.12321_1341_6617 5276 * 0 0 0
Edge	84	15	4	0	0	0	138	-1
	Sequence	+edge_43_0_-SRR32410565.123620_587_3722 3135 * 0 0 0
Edge	85	32	43	0	0	0	138	-1
	Sequence	-edge_43_0_-SRR32410565.123620_587_3722 3135 * 0 0 0
Edge	86	3	2	0	0	0	153	-1
	Sequence	+edge_44_0_+SRR32410565.111392_1682_7029 5347 * 0 0 0
Edge	87	1	0	0	0	0	153	-1
	Sequence	-edge_44_0_+SRR32410565.111392_1682_7029 5347 * 0 0 0
Edge	88	48	51	0	0	0	106	-1
	Sequence	+edge_45_0_-SRR32410565.40118_646_3812 3166 * 0 0 0
Edge	89	34	18	0	0	0	106	-1
	Sequence	-edge_45_0_-SRR32410565.40118_646_3812 3166 * 0 0 0
